>> oneruns_table(3,:)

ans =

    0.5000    0.2500    0.1250    0.0625    0.0312    0.0156    0.0078    0.0039    0.0020    0.0010    0.0005    0.0002    0.0001    0.0001    0.0000    0.0000    0.0000    0.0000    0.0000    0.0000         0    0.0000         0         0